1	王园丰	1	11	12	13	21	22	23	31	32	41	42	43	51	52	53
2	蒋说	1	51	21	11
3	路滨宇	1	31	32	43	53
4	水泽农	1	43	33	32	22	13
5	陆昆	1	43	33	23	13
6	吴海灏	1	53	43	42	41	33	32	31	23	11
7	王学娇	1	21	22	41	42
8	蓝江儿	1	43	23	13
9	彭智	1	33	51	52
10	王嘉雯	1	23	51	52
11	尼加提	1	22	23	62	73
12	杨浩	1	33	23	22	21	13
13	万美含	1	23	33	12	11
14	许舒婷	1	22	31	32	21
15	曾沐冬	1	43
16	张婷婷	1	53	43	33	32	31	13
17	冶婷	1	43	53
18	巴合提亚	0	12	13	23	32	33	42	43
19	常帅晨	0	31	32	53
20	何庆烽	0	31	41	42	43	23
21	黑力力	0	43	52	53
22	黄智行	0	43	23
23	李焕	0	13	33
24	林填鹏	0	21	22	31	32	33	41	51	52	53
25	马玉霞	0	43	33
26	蒙姿宏	0	13
27	孟子潇	0	43	33
28	王利鸣	0	31	32	43
29	杨锋	0	42	32
30	杨健	0	43	23	33	53
31	赵鸿云	0	13	53
32	赵亚娟	0	11	12	13	21	22	23	31	32	33	41	42	43	53
33	郑晓婷	0	31	32	33
34	钟文科	0	53	33
35	朱志斌	0	43	42	41
36	阿卜	0	53	33
37	陈拓	0	53	52	43	33
38	董侃韬	0	53	52	51	43
39	窦易木	0	13	21	22	23	31	32	33	41	42	43	51	52	53
40	赖文星	0	42
41	李孟桐	0	43	23	22
42	李杨	0	52	51	23	22	21
43	林楚铭	0	43	53	42
44	刘⑵	0	13	22	23	43	51	52	53
45	蒙萌	0	23
46	孙天宁	0	53	33	23	22	13
47	孙锡波	0	23
48	妥艳艳	0	53	33	41	42	43	32	31	23
49	万一木	0	42
50	王昊	0	32	31
51	王颖洲	0	22	21
52	张博文	0	13	43
53	周薇	0	52	51	43	42	41	33	32	31	22	21
54	周小淋	0	33	23	13
55	邹田二龙	0	53	33	11
56	张京京	0	43
57	啊啊哈	0	61	62	63	71	72	73
